0 2.549534967890666
1 0.6991550478602949
2 0.2765748676149153
3 0.1752501250753128
4 0.13510532471501518
5 0.11261147396661722
6 0.0975394162843403
7 0.08649867797604084
8 0.07797718406452842
9 0.07116396494034556
10 0.06557324581033365
11 0.06089231060541897
12 0.056909194494966356
13 0.05347443000341279
14 0.0504792271836074
15 0.047842306141082425
16 0.04550158935504971
17 0.043408765257711285
18 0.041525619547065205
19 0.03982149309982299
20 0.03827147947123179
21 0.03685512060963692
22 0.03555544591282196
23 0.03435825273775439
24 0.033251559824574894
25 0.03222518659802969
